31 batches
textbook guess nll -20212.53 ; previous fit with Caf0/Tf0 reset nll -21546.42
nll -21605.704021067537 iters 825
a=0.9970 kref=0.10695 ER=9012 b=215.47 c=2.1081 sCa=0.00203 sT=0.1969 qCaf=0.00179 qTf=0.1722 Caf0=1.0000 Tf0=350.00
rials\b002_idsteps.csv innov std Ca 0.00258 T 0.225
  Caf: 1.003 1.011 1.005 1.006 1.001 0.999 1.007 1.005 1.003 0.992 0.999 1.001 0.993 0.993 0.991
  Tf : 351.1 350.7 350.9 351.0 349.9 349.0 349.3 350.3 350.4 350.7 350.2 350.4 350.1 349.9 349.6
rials\b003_idsteps.csv innov std Ca 0.00251 T 0.241
  Caf: 1.007 1.012 1.010 1.005 1.003 1.007 1.001 1.006 1.001 1.002 1.010 0.993 0.995 0.992 0.993
  Tf : 350.5 350.5 350.2 350.0 350.1 350.2 350.1 349.8 352.4 352.3 352.4 352.1 351.9 352.7 352.7
rials\b004_idsteps.csv innov std Ca 0.00277 T 0.266
  Caf: 1.009 1.012 1.007 1.014 1.014 1.011 1.005 1.011 1.009 1.006 0.996 0.998 1.009 1.002 1.000
  Tf : 350.3 350.1 350.0 351.1 350.4 351.2 351.9 351.4 351.4 350.9 351.8 351.6 351.0 351.1 351.3
rials\b005_idsteps.csv innov std Ca 0.00248 T 0.252
  Caf: 1.015 1.020 1.015 1.013 1.001 1.006 1.002 0.993 0.992 0.992 0.992 0.988 0.988 0.994 0.988
  Tf : 351.6 351.6 351.7 351.7 350.8 350.4 351.1 350.3 350.3 351.9 352.0 352.0 351.8 352.0 351.6
rials\b006_idsteps.csv innov std Ca 0.00236 T 0.249
  Caf: 1.001 0.994 0.996 1.001 0.997 0.998 0.996 0.991 0.996 0.994 0.994 0.994 0.997 0.992 0.994
  Tf : 350.9 350.7 350.8 350.6 350.9 351.2 351.1 351.3 351.1 350.8 351.4 351.8 351.4 350.9 350.8
rials\b007_idsteps.csv innov std Ca 0.00301 T 0.273
  Caf: 1.013 1.010 1.012 1.017 1.011 1.010 1.011 1.003 1.002 1.001 1.009 1.005 0.981 0.980 0.981
  Tf : 351.5 351.6 350.9 351.4 351.1 352.3 352.1 351.8 351.3 350.6 350.6 350.8 351.2 350.9 351.3
trials\b008_mpc_v1.csv innov std Ca 0.00286 T 0.283
  Caf: 0.974 0.974 0.973 0.993 0.980 0.995 0.988 0.983 0.987 0.991 0.995 0.993 0.992 0.990 0.991
  Tf : 351.8 351.6 351.5 351.4 351.3 352.2 351.1 351.1 352.3 352.6 352.9 352.4 352.5 352.1 352.4
trials\b009_mpc_v1.csv innov std Ca 0.00271 T 0.238
  Caf: 0.987 0.981 0.987 0.982 0.988 0.981 0.977 0.982 0.980 1.013 1.017 1.022 1.005 1.001 1.007
  Tf : 350.4 349.9 349.8 350.2 349.9 350.1 350.5 350.3 349.8 349.9 350.2 350.2 350.0 349.5 349.4
trials\b010_mpc_v1.csv innov std Ca 0.00251 T 0.285
  Caf: 1.010 1.006 1.006 1.001 1.007 1.005 1.009 1.008 1.006 1.006 1.003 1.008 0.999 1.008 1.010
  Tf : 350.0 350.1 349.9 349.8 349.7 352.1 351.5 351.8 351.4 352.0 351.8 352.4 352.4 352.3 352.5
trials\b011_mpc_v1.csv innov std Ca 0.00261 T 0.237
  Caf: 0.989 0.985 0.985 0.990 1.002 1.000 1.003 1.002 0.997 0.998 1.001 1.001 1.000 1.000 1.006
  Tf : 351.0 350.5 350.9 350.3 350.0 350.3 350.5 350.5 350.5 350.4 349.6 350.8 350.6 350.4 350.5
trials\b012_mpc_v1.csv innov std Ca 0.00280 T 0.258
  Caf: 0.987 0.988 0.990 0.988 0.983 0.989 0.989 0.987 0.987 0.990 0.983 0.991 0.989 0.985 0.986
  Tf : 351.0 350.5 351.3 351.6 351.5 351.0 351.2 351.2 351.1 351.5 351.2 350.8 351.0 351.0 350.2
trials\b013_mpc_v2.csv innov std Ca 0.00276 T 0.271
  Caf: 1.013 1.007 1.008 0.986 0.990 0.989 0.987 0.989 0.989 0.986 0.983 0.985 0.987 0.989 0.989
  Tf : 351.1 351.4 351.4 349.8 350.0 349.5 350.1 349.2 350.3 350.0 350.2 349.3 349.5 349.8 349.4
trials\b014_mpc_v2.csv innov std Ca 0.00326 T 0.266
  Caf: 0.985 0.981 0.977 0.977 0.979 0.987 0.983 0.982 1.002 1.010 1.016 1.015 0.989 0.990 0.989
  Tf : 351.1 350.9 350.6 351.2 349.6 350.7 350.3 350.0 350.2 351.6 351.5 351.5 351.6 351.2 351.9
trials\b015_mpc_v2.csv innov std Ca 0.00259 T 0.249
  Caf: 1.011 1.009 1.010 1.009 1.008 1.016 1.008 0.987 0.996 0.996 0.994 0.979 0.983 0.980 0.982
  Tf : 349.6 350.0 350.5 351.6 351.4 351.4 351.8 351.1 351.1 351.1 351.5 351.1 353.1 352.5 352.7
trials\b016_mpc_v2.csv innov std Ca 0.00282 T 0.269
  Caf: 0.992 0.992 0.996 0.996 0.991 0.984 0.978 0.978 0.991 0.985 0.985 0.984 0.984 0.986 0.987
  Tf : 352.8 352.6 352.1 352.2 353.0 352.5 351.3 351.3 351.5 351.2 351.2 350.8 352.0 352.0 351.0
trials\b017_mpc_v2.csv innov std Ca 0.00263 T 0.261
  Caf: 1.008 1.001 1.004 1.012 0.989 0.988 0.979 0.976 0.982 0.973 0.983 0.979 0.978 0.978 0.978
  Tf : 351.8 351.8 351.9 351.6 351.7 349.6 349.6 350.1 349.6 349.9 351.6 351.0 350.8 351.5 351.2
trials\b018_mpc_v2.csv innov std Ca 0.00252 T 0.312
  Caf: 1.000 0.999 0.994 0.993 0.998 0.997 1.002 0.992 0.974 0.973 0.979 0.974 1.007 1.007 1.011
  Tf : 349.8 349.9 350.6 349.5 349.6 352.6 352.3 352.2 352.2 352.4 348.6 349.4 349.8 349.8 349.5
trials\b019_mpc_v2.csv innov std Ca 0.00276 T 0.243
  Caf: 0.973 0.982 0.973 0.975 0.977 0.981 0.975 0.974 1.004 0.999 0.998 0.998 1.000 0.995 1.000
  Tf : 349.9 350.5 350.3 350.0 349.9 349.9 350.5 351.0 351.1 350.3 350.2 350.6 350.6 350.6 349.7
trials\b020_mpc_v2.csv innov std Ca 0.00253 T 0.251
  Caf: 1.002 0.997 0.997 0.998 1.001 1.001 0.997 0.999 1.002 0.995 0.996 0.992 0.994 0.988 0.991
  Tf : 352.1 352.1 352.1 352.6 352.7 351.2 351.4 351.5 350.7 351.6 350.8 351.2 351.4 351.2 351.3
trials\b021_mpc_v2.csv innov std Ca 0.00272 T 0.228
  Caf: 1.005 1.006 1.009 1.006 1.009 0.987 0.986 0.988 0.986 0.985 0.988 0.981 0.991 0.987 0.986
  Tf : 352.9 352.1 352.4 352.7 352.2 352.3 351.9 351.0 351.3 350.8 351.2 350.8 350.6 350.5 350.6
trials\b022_mpc_v2.csv innov std Ca 0.00262 T 0.251
  Caf: 0.982 0.981 0.988 0.982 0.982 0.986 0.987 0.983 0.983 1.002 1.009 1.004 1.010 1.007 1.011
  Tf : 349.7 349.6 350.1 349.9 349.7 349.5 352.1 352.8 352.4 352.9 352.9 352.7 352.9 352.6 352.8
trials\b023_mpc_v2.csv innov std Ca 0.00220 T 0.281
  Caf: 0.991 0.995 0.995 1.001 0.995 0.996 0.997 0.995 0.992 0.992 1.001 0.999 0.999 0.997 0.996
  Tf : 352.0 353.2 352.2 352.4 353.1 352.5 352.6 352.7 350.0 350.1 350.4 350.6 350.2 350.7 350.1
trials\b024_mpc_v2.csv innov std Ca 0.00260 T 0.246
  Caf: 0.991 0.991 0.988 0.993 0.998 1.010 1.001 1.002 1.001 0.998 1.004 1.001 1.003 1.013 1.005
  Tf : 351.6 352.5 352.0 352.0 351.8 352.2 352.2 351.3 351.6 351.5 352.2 351.4 351.4 351.2 350.6
trials\b025_mpc_v2.csv innov std Ca 0.00255 T 0.248
  Caf: 0.995 0.988 0.990 0.996 0.989 0.989 0.994 0.992 0.997 0.996 0.988 0.993 0.973 0.979 0.978
  Tf : 352.3 352.0 352.1 352.3 352.4 352.0 352.0 351.6 351.3 352.0 351.8 351.1 351.1 351.3 351.1
trials\b026_mpc_v2.csv innov std Ca 0.00284 T 0.229
  Caf: 0.989 0.980 0.980 0.986 0.988 0.981 0.988 0.986 0.982 0.984 0.988 0.990 0.985 0.987 0.990
  Tf : 351.2 351.5 350.8 351.0 350.8 351.1 351.3 350.7 350.6 351.3 351.2 351.3 351.4 351.5 351.2
trials\b027_mpc_v2.csv innov std Ca 0.00244 T 0.225
  Caf: 0.986 0.989 0.982 0.987 0.985 0.983 0.984 0.983 0.980 0.978 0.978 0.975 0.978 0.979 0.979
  Tf : 352.1 352.6 352.1 352.1 352.6 352.3 352.8 352.2 352.7 352.9 352.6 351.9 351.7 352.3 352.3
trials\b028_mpc_v2.csv innov std Ca 0.00259 T 0.287
  Caf: 1.003 1.000 1.003 1.004 1.009 1.002 1.003 0.991 0.999 1.001 0.997 0.992 0.997 1.001 0.995
  Tf : 350.3 350.0 350.2 349.9 349.9 351.7 352.9 352.5 353.0 352.3 349.2 349.7 350.2 350.0 349.7
trials\b029_mpc_v2.csv innov std Ca 0.00242 T 0.244
  Caf: 0.973 0.977 0.982 0.977 0.984 0.980 0.983 0.976 0.981 0.983 0.975 0.987 0.981 0.979 0.981
  Tf : 350.0 349.7 350.3 349.8 349.9 349.7 349.9 350.9 351.4 351.3 351.9 351.2 351.5 351.9 351.2
trials\b030_mpc_v2.csv innov std Ca 0.00260 T 0.261
  Caf: 0.986 0.996 0.991 0.993 0.995 0.998 0.995 0.997 1.000 0.989 0.984 0.990 0.987 0.991 0.988
  Tf : 349.9 349.4 349.8 349.9 349.8 350.0 349.8 350.2 352.3 351.4 351.8 351.6 352.5 351.2 352.5
trials\b031_mpc_v2.csv innov std Ca 0.00277 T 0.228
  Caf: 0.999 0.996 0.997 0.994 0.998 0.998 0.998 0.998 0.999 0.980 0.983 0.986 0.984 0.987 0.991
  Tf : 351.7 351.9 351.3 351.5 352.1 351.3 352.1 352.2 351.8 352.3 352.3 350.0 349.9 350.0 349.7
trials\b032_mpc_v2.csv innov std Ca 0.00253 T 0.280
  Caf: 0.989 0.992 0.994 0.984 0.995 0.988 0.992 0.991 0.994 1.000 0.997 0.997 0.991 0.989 0.987
  Tf : 350.0 350.0 349.6 349.8 349.0 351.6 352.1 352.2 352.4 352.0 352.5 352.2 352.9 351.6 352.1
