30 0 8084 [0.0, 0.0, 0.0, 0.0, 0.0, 0.0, 0.0, 0.0, 0.4, 0.5, 0.5]
30 1 8084 [0.0, 0.0, 0.0, 0.0, 0.0, 0.0, 0.0, 0.0, 0.4, 0.5, 0.5]
150 0 17141 [0.0, 0.0, 0.0, 0.0, 0.0, 0.1, 0.1, 0.2, 0.5, 0.5, 0.5]
150 1 17234 [0.0, 0.0, 0.0, 0.0, 0.0, 0, 0.05, 0.3, 0.5, 0.5, 0.5]
150 2 17243 [0.0, 0.0, 0.0, 0.0, 0.0, 0, 0, 0.3, 0.5, 0.5, 0.5]
400 0 22172 [0.0, 0.1, 0.2, 0.1, 0.1, 0.2, 0.1, 0.2, 0.5, 0.5, 0.5]
400 1 22729 [0.0, 0, 0, 0, 0.1, 0.2, 0.2, 0.3, 0.5, 0.5, 0.5]
400 2 22759 [0.0, 0, 0, 0, 0, 0.2, 0.2, 0.3, 0.5, 0.5, 0.5]
1500 0 35026 [0.5, 0.4, 0.2, 0.1, 0.1, 0.2, 0.1, 0.2, 0.5, 0.5, 0.5]
1500 1 35569 [0.2, 0.3, 0.2, 0.1, 0.1, 0.2, 0.2, 0.3, 0.5, 0.5, 0.5]
1500 2 35571 [0.2, 0.2, 0.2, 0.1, 0.1, 0.2, 0.2, 0.3, 0.5, 0.5, 0.5]
4000 0 60482 [0.5, 0.5, 0.5, 0.2, 0.1, 0.1, 0.1, 0.2, 0.5, 0.5, 0.5]
4000 1 60778 [0.5, 0.3, 0.4, 0.2, 0.1, 0.2, 0.1, 0.3, 0.5, 0.5, 0.5]
4000 2 60804 [0.5, 0.3, 0.3, 0.2, 0.1, 0.2, 0.1, 0.4, 0.5, 0.5, 0.5]
